xpath.c:4801,45.49450549450549
xpath.c:4802,43.49425287356321
xpath.c:4804,42.49411764705882
xpath.c:4805,41.0
