xmllint.c:2129,25.784169218199374
xmllint.c:2139,22.77650535648319
xmllint.c:2148,23.88135593220339
