tree.c:2225,37.3421052631579
tree.c:2239,36.32432432432432
tree.c:2241,31.0
tree.c:2244,41.0
