catalog.c:3451,57.93607713597001
catalog.c:3455,56.97758190362693
catalog.c:3457,92.35951661631422
