parserInternals.c:1863,32.40526059425231
parserInternals.c:1867,21.0
parserInternals.c:1870,41.333333333333336
parserInternals.c:1872,61.0
