xmlschemas.c:15796,29.723076923076924
xmlschemas.c:15799,28.634920634920633
xmlschemas.c:15801,21.0
