HTMLparser.c:4988,33.184674989238054
HTMLparser.c:4992,21.0
HTMLparser.c:4995,43.33980582524272
HTMLparser.c:4997,71.0
