tree.c:1989,36.28571428571429
tree.c:2000,35.28571428571429
