HTMLparser.c:6981,33.492537313432834
HTMLparser.c:6988,32.49230769230769
HTMLparser.c:6990,31.492063492063494
HTMLparser.c:6998,31.0
