xmlsave.c:1950,61.333333333333336
xmlsave.c:1954,60.33333333333332
xmlsave.c:1955,59.33333333333332
