HTMLparser.c:7015,37.97402597402598
HTMLparser.c:7022,36.96
HTMLparser.c:7024,35.945205479452056
HTMLparser.c:7032,31.0
