xmlschemas.c:26031,46.44444444444444
xmlschemas.c:26038,45.44444444444444
xmlschemas.c:26042,45.44444444444444
