tree.c:1939,36.28571428571429
tree.c:1949,35.28571428571429
