relaxng.c:2456,50.619934282584886
relaxng.c:2464,49.61787709497207
relaxng.c:2466,48.61573546180159
relaxng.c:2471,45.44444444444444
