xmlregexp.c:6304,27.0
xmlregexp.c:6307,26.000000000000004
xmlregexp.c:6308,25.000000000000004
