debugXML.c:1062,40.45977011494253
debugXML.c:1071,39.38823529411765
debugXML.c:1073,52.0
debugXML.c:1074,51.0
