catalog.c:3372,57.05770345518102
catalog.c:3376,56.127818317793405
catalog.c:3378,87.94652098907419
