catalog.c:3352,57.05770345518102
catalog.c:3356,56.127818317793405
catalog.c:3358,87.94652098907419
