xmlschemas.c:16140,88.79464117327358
xmlschemas.c:16145,88.35292545566337
xmlschemas.c:16146,82.55339805825243
xmlschemas.c:16148,92.73745173745175
