xmlschemas.c:16616,58.41288901013578
xmlschemas.c:16626,61.95468041881544
xmlschemas.c:16627,51.0
xmlschemas.c:16629,75.62311557788945
