tree.c:1964,36.28571428571429
tree.c:1975,35.28571428571429
