HTMLparser.c:6816,39.35855855855856
HTMLparser.c:6823,38.35120147874307
HTMLparser.c:6827,41.0
