relaxng.c:7918,65.53846153846153
relaxng.c:7922,64.53846153846153
relaxng.c:7926,63.53846153846153
relaxng.c:7929,62.53846153846153
