legacy.c:896,63.646542261251376
legacy.c:899,62.646542261251376
