catalog.c:3311,57.05770345518102
catalog.c:3315,56.127818317793405
catalog.c:3317,87.94652098907419
