catalog.c:3331,57.05770345518102
catalog.c:3335,56.127818317793405
catalog.c:3337,87.94652098907419
