xmlschemas.c:20032,59.19788991462484
xmlschemas.c:20037,58.19216378397459
xmlschemas.c:20039,57.186238598003314
xmlschemas.c:20044,61.0
