xmlIO.c:858,43.025700547172946
xmlIO.c:864,38.8433734939759
xmlIO.c:866,51.0
