xmlschemas.c:5239,40.674418604651166
xmlschemas.c:5247,39.61904761904762
xmlschemas.c:5249,31.0
xmlschemas.c:5252,51.0
