xmlschemas.c:28228,57.173913043478265
xmlschemas.c:28230,55.173913043478265
xmlschemas.c:28233,54.173913043478265
xmlschemas.c:28236,53.173913043478265
