tree.c:6809,57.57910772578891
tree.c:6812,55.9646017699115
tree.c:6815,61.0
