debugXML.c:1317,39.90588235294118
debugXML.c:1324,38.8433734939759
debugXML.c:1328,51.0
