xmlschemas.c:6032,36.28571428571429
xmlschemas.c:6041,35.28571428571429
