catalog.c:3390,51.113207547169814
catalog.c:3394,50.07692307692308
catalog.c:3395,49.359223300970875
catalog.c:3397,61.0
