catalog.c:3000,84.35320088300222
catalog.c:3003,83.35320088300222
catalog.c:3006,82.35320088300222
catalog.c:3007,81.35320088300222
