c14n.c:1720,30.296010296010298
c14n.c:1725,21.0
c14n.c:1729,45.63636363636364
c14n.c:1730,44.63636363636364
