relaxng.c:7471,29.5829817531348
relaxng.c:7480,21.0
relaxng.c:7484,44.14287125290139
