xmlschemas.c:5541,40.674418604651166
xmlschemas.c:5552,39.61904761904762
xmlschemas.c:5554,31.0
xmlschemas.c:5558,51.0
