parser.c:15227,47.69395973154363
parser.c:15233,46.67519415258108
parser.c:15238,53.17391304347825
