relaxng.c:8432,49.090909090909086
relaxng.c:8439,47.07368421052632
relaxng.c:8447,46.064516129032256
relaxng.c:8453,41.0
