legacy.c:937,51.76958525345622
legacy.c:939,50.76958525345622
