xmlsave.c:1928,57.54545454545455
xmlsave.c:1932,56.54545454545455
xmlsave.c:1933,55.54545454545455
