xmlreader.c:5441,43.36691578885423
xmlreader.c:5452,43.65438373570521
xmlreader.c:5457,41.0
