relaxng.c:6819,33.69751693002257
relaxng.c:6826,32.530092592592595
relaxng.c:6831,22.0
relaxng.c:6833,21.0
