xmlschemas.c:28950,62.370783145441294
xmlschemas.c:28957,61.37068176867785
xmlschemas.c:28960,60.37057703378946
xmlschemas.c:28964,58.754010695187155
