xmlsave.c:1802,50.42522838192967
xmlsave.c:1808,55.9646017699115
xmlsave.c:1810,61.0
