xinclude.c:2514,73.44728434504792
xinclude.c:2519,72.44728434504792
xinclude.c:2522,71.44728434504792
