parser.c:15252,39.43440530883104
parser.c:15260,53.17391304347825
