parser.c:2780,65.01342281879195
parser.c:2782,64.01342281879195
parser.c:2783,63.013422818791945
