uri.c:932,42.4421052631579
uri.c:938,41.333333333333336
uri.c:940,61.0
