xmlregexp.c:5530,7.319148936170214
xmlregexp.c:5536,5.6000000000000005
xmlregexp.c:5539,3.8139534883720927
xmlregexp.c:5541,1.0
