xinclude.c:2611,67.9135802469136
xinclude.c:2614,66.9135802469136
xinclude.c:2615,64.9135802469136
xinclude.c:2617,63.91358024691359
