parser.c:15276,46.67519415258108
parser.c:15284,53.17391304347825
