xmlreader.c:5630,51.81308411214953
xmlreader.c:5637,50.780952380952385
xmlreader.c:5641,49.74757281553398
xmlreader.c:5645,41.0
